image: map1.pgm
resolution: 0.050000
origin: [0.007119, 0.012226, 0.000000]
negate: 0
occupied_thresh: 0.65
free_thresh: 0.196

